159.07
116.901
118.831
105.995
139.212
164.066
139.301
197.408
128.144
125.685
156.903
156.858
149.655
159.491
133.679
99.4719
149.007
98.2212
117.643
131.898
114.102
148.96
197.639
115.81
146.538
143.676
148.377
112.461
140.191
145.825
221.996
119.99
97.93
139.078
164.627
145.673
123.7
139.123
113.052
122.72
110.832
127.634
145.222
137.355
161.524
130.5
120.104
102.39
151.968
118.52
125.837
127.499
115.02
142.167
76.9958
147.235
125.652
122.17
156.147
112.869
122.15
125.799
113.909
136.719
141.12
105.258
89.1123
126.482
144.269
95.3597
97.0081
153.868
142.416
203.548
101.963
138.795
112.872
163.882
149.938
130.692
200.565
137.162
152.201
139.725
144.21
199.921
106.814
132.864
97.0079
176.123
98.3088
135.009
153.143
151.771
180.794
148.187
101.318
125.091
163.596
135.773
110.413
130.953
149.667
127.203
186.351
151.846
119.493
163.716
167.314
121.584
111.395
156.077
100.655
130.589
137.562
182.913
95.3142
116.004
218.049
137.747
120.532
135.849
119.131
136.897
119.514
168.065
138.76
106.68
144.799
92.8987
145.696
124.31
203.81
128.186
145.899
146.882
99.923
130.229
131.691
130.262
163.257
131.097
153.562
212.413
124.2
114.176
108.674
118.902
197.069
149.845
157.117
196.443
176.18
110.196
132.318
117.275
132.307
163.644
100.805
168.639
136.906
124.032
125.581
92.7584
128.162
148.126
102.466
161.986
138.074
81.7445
129.354
225.142
158.597
136.242
124.028
154.628
188.361
127.778
174.974
131.723
140.832
203.882
110.605
119.576
108.429
153.448
191.526
134.138
153.281
173.165
139.001
115.649
122.229
138.425
243.416
201.767
141.821
131.168
130.524
134.846
136.633
151.898
166.688
155.583
128.371
178.842
122.592
124.579
220.168
148.461
200.004
155.153
107.726
148.881
164.357
186.604
117.628
116.483
123.844
137.413
146.866
166.048
183.637
105.545
157.968
140.462
141.649
114.269
149.004
126.811
138.608
156.498
125.782
160.288
124.994
134.695
190.518
116.288
112.695
175.211
139.117
133.605
128.586
133.375
130.662
189.253
133.838
113.62
123.934
146.072
118.651
153.74
121.727
130.648
112.015
163.968
184.865
142.002
135.499
105.485
132.749
122.763
193.549
99.1017
133.652
160.457
153.188
129.707
127.864
111.424
110.33
132.61
136.462
138.923
141.817
127.505
197.344
133.044
158.796
171.326
167.646
141.149
134.404
152.785
137.163
155.976
145.876
177.233
149.743
99.892
187.371
128.208
132.994
101.974
117.666
104.907
166.791
118.939
119.899
200.827
175.418
167.729
120.708
136.162
124.093
137.023
138.305
136.03
126.129
128.475
148.577
113.115
142.903
105.363
124.035
146.978
119.794
119.011
160.362
113.732
186.135
166.319
106.182
145.395
144.815
120.663
147.219
128.09
133.754
114.407
138.534
132.505
130.349
122.606
146.962
195.922
151.149
179.263
100.4
116.658
129.449
132.099
105.647
148.969
124.656
85.8677
152.475
121.791
149.906
166.472
119.72
146.754
159.31
109.328
126.608
96.291
186.783
162.62
120.297
108.95
134.944
136.493
122.036
122.423
154.75
127.082
114.102
178.081
122.922
256.127
105.452
107.244
98.8437
154.023
154.947
102.798
135.146
104.743
141.794
173.704
139.481
171.724
164.618
119.165
156.578
124.758
142.234
130.852
147.002
154.198
145.105
145.003
147.707
128.938
132.417
110.266
129.112
136.809
101.426
166.476
116.841
188.68
146.46
159.341
87.715
143.558
127.965
140.805
93.2032
164.323
110.832
135.615
96.3851
150.052
149.371
107.724
126.871
162.473
128.493
126.961
183.186
104.115
118.889
142.686
196.015
121.213
97.9782
141.332
99.2057
107.028
125.173
132.285
129.665
123.499
129.426
143.841
122.46
120.839
187.938
167.463
160.269
119.675
101.81
215.331
113.674
129.636
112.387
128.48
126.637
126.41
122.189
115.412
107.855
115.144
111.811
176.156
124.947
179.314
124.807
177.733
122.233
141.379
119.431
112.946
138.02
155.829
163.709
132.801
116.334
146.909
132.665
105.932
146.435
124.513
153.999
108.971
140.132
181.636
124.568
113.184
