177.726
192.801
153.925
218.683
148.795
178.301
192.001
268.984
215.887
252.35
155.136
140.321
161.083
188.681
239.693
159.558
131.834
148.559
274.015
132.779
148.805
236.034
145.141
194.807
179.979
182.608
186.538
240.388
191.164
133.605
142.779
191.908
207.859
151.127
207.855
159.303
177.316
197.768
167.016
121.042
133.569
231.45
186.964
274.093
246.343
147.5
176.734
132.5
136.002
278.339
175.665
214.045
165.196
232.999
210.43
196.025
112.797
160.455
233.146
125.559
187.223
213.409
215.47
116.554
160.849
126.112
205.983
152.436
203.717
244.654
201.223
178.342
222.54
181.098
152.357
184.389
191.197
174.836
146.214
196.273
230.217
198.785
258.341
158.201
181.532
107.241
169.006
176.926
161.74
175.504
171.329
124.853
192.576
140.162
174.306
222.848
177.721
132.483
149.836
143.65
160.427
207.049
127.351
265.999
135.347
153.948
269.29
154.819
182.272
155.794
118.699
206.269
140.747
188.661
122.702
136.351
199.361
175.164
129.235
170.147
255.26
186.97
147.094
179.109
186.435
194.086
194.039
159.505
153.694
213.477
226.302
166.055
189.845
156.485
167.863
121.981
161.388
132.355
140.237
237.172
125.72
275.719
243.68
187.196
266.991
193.894
169.883
208.944
193.959
228.343
230.161
223.443
158.478
211.146
157.882
159.568
188.724
100.858
175.019
221.304
190.332
177.388
145.206
190.201
141.591
208.616
180.959
124.26
179.564
155.2
180.977
249.023
173.71
159.4
173.145
194.359
201.698
196.686
134.708
170.297
226.355
191.8
215.568
212.819
219.632
225.588
234.215
170.006
238.003
269.698
153.822
165.843
248.403
165.748
171.686
160.804
187.129
173.332
122.947
216.602
115.54
173.107
180.903
161.852
151.732
186.649
176.919
151.61
152.164
213.393
284.934
256.225
190.205
126.929
177.607
207.197
212.028
210.544
180.79
159.668
152.644
180.309
166.928
145.279
157.802
169.409
212.749
147.936
196.063
174.854
109.323
180.04
164.49
148.473
145.885
214.46
150.485
123.89
245.1
146.112
215.437
137.543
164.046
251.972
151.373
232.495
264.307
167.282
160.796
202.085
300.172
203.294
166.394
135.386
203.779
162.468
273.498
213.327
148.387
208.614
178.973
155.112
120.37
170.312
249.336
188.066
161.191
219.77
172.557
147.127
175.294
142.248
189.95
146.44
227.896
173.394
196.994
204.725
150.814
181.278
194.309
142.314
270.732
208.583
185.76
149.796
230.012
226.442
182.353
122.137
183.456
177.556
230.078
211.192
133.738
129.199
125.922
236.96
189.003
243.973
157.063
176.04
131.41
154.629
155.573
188.426
154.488
120.418
226.152
273.176
194.058
181.882
204.809
112.371
190.124
163.771
143.498
142.792
200.841
156.805
158.845
201.692
150.703
170.183
159.794
161.546
206.028
185.118
180.081
169.286
278.465
145.896
175.795
146.164
214.912
143.001
191.177
115.576
124.763
210.716
101.607
101.27
153.86
147.647
165.253
180.345
161.143
206.825
161.752
170.37
250.742
132.732
171.14
134.474
194.65
149.517
256.663
190.201
149.497
203.35
153.255
155.358
167.572
164.815
191.647
138.985
178.774
114.252
190.986
194.382
231.839
152.68
266.873
191.344
157.282
166.087
188.742
183.204
150.102
162.32
152.77
143.908
118.562
198.288
127.784
143.143
200.62
185.992
203.768
193.003
144.063
145.376
195.337
202.265
264.347
154.53
193.984
243.269
259.681
270.185
153.486
163.864
196.201
246.784
253.204
132.832
198.846
166.97
226.545
115.799
145.561
138.682
125.257
194.188
142.53
130.065
157.978
153.686
149.567
215.601
190.319
232.652
259.865
177.992
172.808
158.91
115.633
145.244
230.233
231.661
126.677
130.793
243.42
224.471
134.144
241.624
157.498
152.443
218.152
177.91
190.832
224.705
153.656
118.897
288.638
199.466
163.774
170.471
217.277
139.898
153.188
251.619
139.785
231.002
193.232
140.596
152.867
157.41
141.703
178.203
110.016
125.091
166.082
210.405
162.763
146.622
223.653
163.893
116.648
125.407
166.451
127.914
152.117
122.079
172.271
125.808
162.083
150.738
154.567
137.068
